100
612 699
3 10
246 571
150 413
120 302
1 9
4 9
4 5
7 122
21 845
492 981
7 9
3 65
1 4
9 221
734 949
191 404
8 302
195 948
3 221
3 584
21 484
121 584
766 834
1 109
17 687
3 484
32 89
554 973
88 288
7 302
21 221
1 104
121 485
137 140
21 584
309 403
283 578
840 898
21 742
587 815
1 122
1 101
1 1000
1 302
3 4
1 5
750 973
3 122
1 121
120 584
9 484
1 742
120 484
203 968
8 65
1 6
9 9
65 742
4 10
10 120
126 297
303 742
9 302
544 739
4 104
100 1000
3 109
65 485
3 5
1 2
49 148
3 121
122 1000
835 878
800 877
9 122
65 484
303 485
357 676
1 221
4 6
529 768
22 304
750 874
1 10
154 625
8 10
303 584
3 302
1 484
21 485
262 967
907 988
122 483
483 584
121 484
839 900
1 65
65 221
