25
1 15
2
2 1 3
2 0
1 2 3 3
2 2 2 3
1 2 1 1
3 2 1 2
3 1 2
2 0
1 2 3 2
1 0
2 1 1
2 1 2
1 1 1
2 2 2 3
2 0
2 20
2 2
2 3 2 1 2
2 1 2
2 1 3
2 0
1 1 1
2 0
3 2 2 2
1 4 1 1 3 1
1 2 3 3
1 1 2
3 1 3
1 1 3
2 0
3 0
1 2 2 3
3 0
2 1 1
2 0
2 0
2 1 3
2 15
3 3
3 0
2 0
3 0
2 3 2 1 2
2 1 1
1 1 1
1 3 2 3 3
3 1 3
2 3 3 1 3
2 1 1
1 0
1 2 3 2
3 2 1 3
3 2 1 2
1 2 3 1
20 15
3 1 2 1 3 3 5 3 3 4 1 3 1 2 3 5 3 4 4 5
3 0
2 0
1 1 5
4 1 1
2 2 1 4
5 3 3 4 4
1 0
1 3 5 5 1
3 0
1 0
2 3 5 4 1
5 4 1 5 2 2
4 1 2
5 1 2
2 1 2
23 5
1 1 3 2 2 2 4 2 1 2 1 1 4 4 3 4 1 1 2 4 2 3 1
3 1 4
3 1 3
3 1 4
4 2 3 2
1 1 3
3 10
4 2 2
2 3 4 1 6
3 3 4 1 2
5 1 2
4 1 5
5 4 4 1 2 6
4 2 4 2
3 2 4 2
4 4 1 4 4 3
6 1 5
6 5 6 4 6 3 4
3 19
1 1 1
1 0
1 0
1 0
1 0
1 0
1 0
1 1 1
1 1 1
1 1 1
1 1 1
1 1 1
1 1 1
1 1 1
1 1 1
1 1 1
1 2 1 1
1 2 1 1
1 2 1 1
1 2 1 1
1 1
2
1 3 1 2 3
3 5
2 1 1
1 1 2
1 1 2
2 0
2 2 2 2
2 2 2 2
10 20
1 2 3 4 5 6 7 8 9 10
1 1 1
7 0
9 0
1 0
7 1 7
3 0
5 0
6 0
5 1 5
8 0
4 0
10 1 10
8 1 8
2 1 2
10 0
2 0
4 1 4
3 1 3
6 1 6
9 1 9
3 3
1 1 1
1 0
1 0
1 0
2 20
3 1
4 0
2 1 2
2 2 4 3
2 2 4 2
3 4 3 3 4 3
1 1 4
1 0
1 2 2 2
2 0
1 2 4 1
1 3 2 2 2
2 2 1 4
1 0
1 5 1 4 2 2 3
3 3 2 2 4
2 4 4 4 1 1
1 1 3
3 2 1 4
1 2 3 1
2 2 3 2
1 1
2
2 0
2 20
3 5
17 2 10 20
7 1 17
4 1 7
3 1 4
10 1 3
13 1 10
8 1 13
6 3 17 8 18
9 2 10 6
19 1 9
15 1 19
1 1 15
11 3 12 1 8
20 2 20 11
2 2 4 20
14 1 2
12 1 14
16 1 12
18 1 16
5 1 18
1 20
1
4 1 3
3 2 1 4
4 0
2 1 1
1 0
4 1 2
2 1 4
1 2 2 1
3 0
4 0
4 1 1
1 2 3 2
1 1 1
1 0
1 2 4 3
3 1 4
2 0
3 2 4 4
1 0
4 2 1 2
3 20
3 2 3
1 2 1 2
3 1 2
1 3 3 2 1
1 1 2
3 1 1
1 3 2 3 1
2 1 3
2 1 3
1 1 2
1 3 1 1 3
2 0
2 0
2 0
3 0
3 2 2 1
1 1 3
1 4 3 3 3 3
3 1 1
2 1 1
3 1 2
1 1
2
2 3 1 2 3
2 13
2 2
2 0
2 0
2 1 2
2 1 2
2 1 2
2 0
2 0
2 0
2 1 2
2 1 2
2 2 2 2
2 3 2 2 2
2 0
1 20
2
2 2 2 2
1 0
2 0
3 0
3 1 2
2 0
2 2 3 2
2 0
2 3 3 2 2
2 2 1 3
3 3 1 1 2
1 0
1 1 3
2 1 3
1 1 2
3 1 1
2 0
1 1 2
3 2 1 3
2 2 3 2
3 10
2 2 1
2 0
2 0
2 0
1 0
2 2 1 2
1 2 1 2
1 1 1
1 2 1 1
2 3 1 2 2
1 4 1 2 2 2
1 1
2
1 1 1
2 9
13 13
13 1 13
13 1 13
13 1 13
13 0
13 2 13 13
13 0
13 1 13
13 0
13 1 13
1 20
15
4 3 11 20 3
1 1 18
18 1 6
12 3 14 16 10
13 5 6 6 5 13 2
8 3 11 8 12
7 1 17
19 3 16 1 1
15 1 14
6 2 6 16
2 2 9 7
3 1 2
10 1 4
16 1 11
17 2 9 13
14 1 1
5 3 12 8 8
20 2 9 9
9 1 19
11 2 3 3
1 4
1
1 0
1 2 1 3
2 0
3 1 2
1 2
2
2 0
2 1 2
