100
2
0 1
0 2
3
2 2
0 0
4 4
1
1 1
5
0 5
0 1
1 1
4 7
5 6
10
2001 2001
2001 2001
2001 2001
2001 2001
2001 2001
2001 2001
2001 2001
2001 2001
2001 2001
2001 2001
5
0 9
0 3
0 2
0 1
0 5
9
2 4
9 13
4 17
0 1
14 16
8 11
6 12
2 4
10 12
3
3 4
0 0
3 5
1
0 2
8
9 15
2 6
11 14
0 9
6 7
0 7
2 4
9 9
4
5 6
4 7
1 3
0 2
5
4 4
1 9
0 1
2 8
1 7
8
2 4
1 9
13 13
4 7
1 13
4 8
1 8
11 11
7
1313 1624
14 805
344 924
43 229
652 707
723 1941
1000 1425
1
0 2
8
2 3
5 5
4 13
0 11
0 8
6 11
5 7
14 14
7
0 2
7 9
0 4
4 6
4 6
6 11
9 13
4
363 916
307 433
85 1262
1601 1650
5
239 1413
761 1232
197 559
122 415
985 1416
3
3 5
1 3
0 1
4
1 3
0 5
0 0
2 5
8
12 12
4 9
13 14
6 7
8 10
2 11
2 4
0 1
4
0 1
0 2
0 7
0 4
8
12 13
0 12
9 11
0 3
5 5
3 8
0 13
7 10
10
881 1906
174 1816
434 632
2 9
225 1578
521 890
23 635
269 1700
24 853
130 483
10
3 8
2 8
0 11
3 19
16 16
13 13
10 13
3 16
1 2
7 12
8
1 13
4 6
3 14
8 9
7 11
12 15
2 10
0 5
8
0 3
9 13
4 8
1 5
2 11
10 12
14 15
6 7
7
0 7
0 1
2 2
8 9
2 14
2 5
6 10
1
0 2
5
0 7
3 4
7 7
1 4
2 4
4
2 6
1 3
0 2
5 5
1
0 1
8
3 12
0 8
1 10
1 6
10 14
9 15
1 1
2 13
10
11 15
18 18
4 12
0 2
0 17
2 5
0 8
8 14
6 14
10 11
3
0 2
0 5
0 1
10
14 15
1 13
6 15
0 6
1 10
3 13
15 19
6 6
3 6
4 12
7
5 13
5 9
8 11
0 0
6 6
2 7
1 9
1
0 2
4
60 133
140 442
173 190
221 1251
5
0 1
2 5
8 9
4 7
3 6
2
0 3
0 1
7
10 13
4 9
11 12
0 5
1 2
6 8
3 7
5
4 6
7 9
0 1
4 5
1 6
3
2 2
0 2
3 5
2
2 2
0 1
4
0 5
2 3
1 5
2 7
9
27 43
129 1018
1010 1812
1497 1990
343 612
494 1936
1 520
166 197
355 1614
4
2 3
3 3
2 4
0 0
1
0 0
10
0 5
0 3
0 5
0 8
0 19
0 7
0 4
0 5
0 1
0 10
2
0 2
2 3
10
2 18
4 11
0 7
16 18
15 15
8 11
1 15
4 10
2 8
3 13
8
0 7
8 14
14 14
1 5
3 5
8 10
3 9
1 5
6
0 0
0 0
0 0
0 0
0 0
0 0
4
0 4
2 3
5 7
1 7
10
73 1641
368 768
448 625
420 942
541 1238
256 363
638 1821
658 717
174 596
16 61
6
1 8
3 4
9 11
6 10
0 7
2 5
5
4 9
0 2
4 6
2 4
1 9
2
0 1
0 3
2
0 2
2 2
10
215 243
1769 1837
28 41
369 1700
1444 1968
1032 1048
606 1196
139 1437
1138 1424
378 1179
8
0 3
5 7
0 14
2 7
10 15
11 12
3 9
0 11
7
0 1
0 3
0 2
0 4
0 7
0 5
0 13
3
0 1
0 2
0 5
8
0 1
13 14
7 9
3 4
12 14
5 8
1 4
7 9
6
21 557
81 110
29 297
962 1167
381 519
720 864
2
0 3
0 1
9
0 17
0 6
0 2
0 3
0 7
0 4
0 4
0 8
0 1
4
6 6
0 0
2 4
4 4
3
1 2
1 2
0 2
5
3 3
0 1
5 6
1 6
4 9
5
0 0
7 8
0 6
0 0
1 7
7
0 6
0 6
0 2
0 3
0 5
0 13
0 1
7
0 0
4 8
6 9
3 13
10 12
3 3
0 10
4
0 2
6 7
4 5
1 3
1
0 1
6
86 171
55 103
1394 1562
107 992
519 1433
189 1217
2
0 2
2 3
4
1131 1501
362 1031
5 14
784 1081
5
3 5
1 6
6 7
0 3
2 5
5
0 6
2 5
2 6
3 7
0 6
3
0 1
1 5
1 4
5
0 5
0 1
0 3
0 9
0 2
4
1 2
0 1
4 5
6 6
5
0 1
6 9
0 8
4 5
1 7
4
1 2
3 5
3 5
0 1
3
0 1
2 4
2 4
6
0 4
0 3
5 11
7 8
5 7
3 10
8
0 2
0 2
0 6
0 1
0 15
0 6
0 5
0 3
8
1624 1883
635 1057
239 374
1440 1468
1535 1951
853 1730
76 488
111 671
3
0 2
0 0
3 3
8
3 12
5 6
14 15
2 6
0 6
0 12
3 11
4 5
3
4 5
1 3
0 2
9
0 15
7 13
8 16
5 9
14 17
10 11
1 4
6 12
2 3
1
0 1
6
4 6
1 4
0 9
4 10
2 4
4 10
10
15 17
6 12
5 8
14 19
0 3
9 9
8 9
0 2
3 9
7 8
10
1 16
12 17
6 6
10 10
9 10
4 17
0 0
0 16
1 5
9 9
9
5 8
1 14
15 17
6 7
0 3
4 11
2 10
12 16
9 13
