100
2
0 1
0 2
3
2 2
0 0
4 4
1
1 1
5
0 5
0 1
1 1
4 7
5 6
10
2001 2001
2001 2001
2001 2001
2001 2001
2001 2001
2001 2001
2001 2001
2001 2001
2001 2001
2001 2001
8
6 7
0 0
7 11
11 15
0 11
3 8
3 5
12 14
2
1 3
0 2
10
8 15
1 1
16 18
4 11
1 1
14 15
1 9
11 19
0 8
7 11
9
1 1
15 16
7 13
7 15
11 12
0 7
3 3
2 6
10 13
6
2 2
0 2
2 3
3 3
9 9
7 9
3
123 158
1198 1746
30 422
6
3 4
8 10
0 11
1 5
1 3
7 9
9
2 15
2 9
5 15
0 15
1 6
13 15
9 11
6 6
3 6
3
0 1
1 4
2 4
9
8 9
0 3
0 0
0 8
13 15
6 6
12 12
5 6
17 17
1
0 2
9
0 1
13 17
4 6
11 12
2 7
10 14
0 7
5 16
7 15
7
0 0
1 8
9 13
8 12
6 7
3 11
0 2
6
6 10
5 8
6 9
1 1
0 3
1 11
5
4 8
5 5
0 2
1 2
2 2
2
0 1
2 3
7
6 13
5 11
0 4
8 8
0 6
0 2
6 12
7
303 702
165 407
203 854
1275 1513
1118 1125
768 1111
808 1734
8
234 507
727 882
278 1023
971 1003
700 800
7 843
103 813
243 1205
1
0 1
6
0 1
2 5
7 8
4 4
9 11
3 8
8
6 13
8 8
1 2
0 2
10 13
7 13
2 8
2 9
7
10 12
3 11
0 6
4 5
1 3
8 10
7 9
3
0 2
2 3
2 3
5
2 5
5 6
0 1
3 6
8 9
1
0 1
1
0 1
4
0 4
0 2
0 1
0 7
8
4 5
1 5
0 7
4 4
10 12
12 15
3 12
2 4
7
0 2
0 2
10 11
3 7
4 7
4 7
12 13
2
1 2
0 3
9
4 12
2 9
7 11
0 7
0 2
14 15
5 16
6 6
12 15
8
7 14
3 4
10 13
0 6
12 15
5 8
1 11
2 9
6
0 3
0 1
0 2
0 5
0 11
0 6
1
0 2
9
9 16
7 13
1 4
7 7
0 1
16 16
1 8
4 9
4 13
6
1902 1947
500 1255
411 582
16 1013
163 1345
128 176
2
0 0
0 0
2
1 3
0 1
3
3 3
0 2
2 3
4
0 4
0 3
0 7
0 1
10
14 18
1 7
1 12
4 14
2 2
14 14
4 9
7 18
2 8
6 13
5
75 1121
639 1433
1607 1933
42 209
522 611
9
0 3
9 11
16 17
8 12
4 14
6 15
5 10
0 1
5 12
6
1268 1580
265 1462
1156 1925
499 711
41 841
79 289
3
0 1
0 2
0 5
6
0 0
0 0
0 0
0 0
0 0
0 0
7
0 4
1 9
8 10
5 11
3 6
12 13
2 7
5
7 8
2 9
0 5
0 3
2 7
6
4 10
9 11
7 8
1 2
5 6
0 3
5
0 2
0 5
0 5
0 1
0 9
10
0 14
10 19
10 18
1 11
7 14
0 16
0 17
0 4
4 15
0 6
10
7 12
1 12
2 8
2 6
0 18
5 16
15 18
7 9
9 15
2 13
2
0 0
0 2
5
0 5
1 2
4 6
2 2
2 5
6
7 7
7 8
2 2
0 4
7 7
1 4
6
7 7
0 0
2 4
5 9
0 7
10 10
8
4 7
11 12
1 7
7 12
0 7
1 10
12 12
3 5
7
9 9
5 6
0 2
0 5
10 13
3 9
6 6
2
0 1
0 3
7
0 3
0 6
0 5
0 6
0 4
0 1
0 13
9
0 7
0 7
0 7
0 3
0 6
0 2
0 3
0 1
0 17
3
3 5
0 1
3 4
9
0 9
0 4
0 3
0 1
0 17
0 3
0 8
0 6
0 6
9
11 12
0 1
3 5
15 16
13 17
6 14
4 8
9 10
2 7
9
0 8
4 6
11 15
4 6
11 16
2 4
1 10
8 13
11 15
1
0 2
9
3 7
15 17
11 13
10 11
7 13
0 13
0 4
2 7
4 6
6
1 5
1 1
5 8
9 10
7 9
0 6
4
2 6
0 1
3 7
4 5
9
13 17
0 15
8 14
7 11
9 10
4 12
5 6
1 2
3 16
5
8 9
6 6
2 5
0 2
0 2
6
0 2
0 3
0 11
0 1
0 6
0 3
6
2 6
10 10
0 2
0 4
6 6
6 9
4
1 2
0 7
2 4
2 3
2
2 2
0 1
4
1 7
0 1
2 4
1 5
8
761 1452
111 706
43 611
723 824
847 956
541 602
1632 1721
336 1322
2
665 1139
683 1292
6
3 5
3 3
6 10
1 10
0 0
6 10
3
0 3
0 1
0 5
4
2 3
1 2
3 8
0 3
2
3 3
0 0
8
13 14
1 12
6 9
4 9
4 8
6 6
1 11
0 3
8
1509 1612
184 999
115 281
517 571
1072 1687
1336 1474
137 1995
1014 1438
6
1 11
0 6
7 11
3 8
3 9
1 3
10
0 6
0 1
0 19
0 6
0 6
0 6
0 10
0 9
0 5
0 2
7
10 10
1 6
0 3
2 6
10 10
5 6
2 6
1
0 2
3
0 3
0 1
0 5
10
15 16
3 8
15 15
1 4
1 9
2 15
10 11
0 3
9 14
7 13
5
5 6
0 6
3 4
0 3
6 6
9
0 3
0 5
0 2
0 2
0 7
0 17
0 1
0 2
0 5
2
144 169
1380 1551
2
0 2
2 2
