1
400
2001 2001
2001 2001
2001 2001
2001 2001
2001 2001
2001 2001
2001 2001
2001 2001
2001 2001
2001 2001
2001 2001
2001 2001
2001 2001
2001 2001
2001 2001
2001 2001
2001 2001
2001 2001
2001 2001
2001 2001
2001 2001
2001 2001
2001 2001
2001 2001
2001 2001
2001 2001
2001 2001
2001 2001
2001 2001
2001 2001
2001 2001
2001 2001
2001 2001
2001 2001
2001 2001
2001 2001
2001 2001
2001 2001
2001 2001
2001 2001
2001 2001
2001 2001
2001 2001
2001 2001
2001 2001
2001 2001
2001 2001
2001 2001
2001 2001
2001 2001
8 15
1 1
16 18
4 11
1 1
14 15
1 9
11 19
0 8
7 11
8 15
1 1
16 18
4 11
1 1
14 15
1 9
11 19
0 8
7 11
8 15
1 1
16 18
4 11
1 1
14 15
1 9
11 19
0 8
7 11
8 15
1 1
16 18
4 11
1 1
14 15
1 9
11 19
0 8
7 11
8 15
1 1
16 18
4 11
1 1
14 15
1 9
11 19
0 8
7 11
8 15
1 1
16 18
4 11
1 1
14 15
1 9
11 19
0 8
7 11
8 15
1 1
16 18
4 11
1 1
14 15
1 9
11 19
0 8
7 11
8 15
1 1
16 18
4 11
1 1
14 15
1 9
11 19
0 8
7 11
8 15
1 1
16 18
4 11
1 1
14 15
1 9
11 19
0 8
7 11
8 15
1 1
16 18
4 11
1 1
14 15
1 9
11 19
0 8
7 11
8 15
1 1
16 18
4 11
1 1
14 15
1 9
11 19
0 8
7 11
8 15
1 1
16 18
4 11
1 1
14 15
1 9
11 19
0 8
7 11
8 15
1 1
16 18
4 11
1 1
14 15
1 9
11 19
0 8
7 11
8 15
1 1
16 18
4 11
1 1
14 15
1 9
11 19
0 8
7 11
8 15
1 1
16 18
4 11
1 1
14 15
1 9
11 19
0 8
7 11
2 2
0 2
2 3
3 3
9 9
7 9
2 2
0 2
2 3
3 3
9 9
7 9
2 2
0 2
2 3
3 3
9 9
7 9
2 2
0 2
2 3
3 3
9 9
7 9
234 507
727 882
278 1023
971 1003
700 800
7 843
103 813
243 1205
234 507
727 882
278 1023
971 1003
700 800
7 843
103 813
243 1205
234 507
727 882
278 1023
971 1003
700 800
7 843
103 813
243 1205
234 507
727 882
278 1023
971 1003
700 800
7 843
103 813
243 1205
234 507
727 882
278 1023
971 1003
700 800
7 843
103 813
243 1205
234 507
727 882
278 1023
971 1003
700 800
7 843
103 813
243 1205
234 507
727 882
278 1023
971 1003
700 800
7 843
103 813
243 1205
234 507
727 882
278 1023
971 1003
700 800
7 843
103 813
243 1205
234 507
727 882
278 1023
971 1003
700 800
7 843
103 813
243 1205
234 507
727 882
278 1023
971 1003
700 800
7 843
103 813
243 1205
234 507
727 882
278 1023
971 1003
700 800
7 843
103 813
243 1205
234 507
727 882
278 1023
971 1003
700 800
7 843
103 813
243 1205
234 507
727 882
278 1023
971 1003
700 800
7 843
103 813
243 1205
234 507
727 882
278 1023
971 1003
700 800
7 843
103 813
243 1205
234 507
727 882
278 1023
971 1003
700 800
7 843
103 813
243 1205
303 702
165 407
203 854
1275 1513
1118 1125
768 1111
808 1734
303 702
165 407
203 854
1275 1513
1118 1125
768 1111
808 1734
303 702
165 407
203 854
1275 1513
1118 1125
768 1111
808 1734
303 702
165 407
203 854
1275 1513
1118 1125
768 1111
808 1734
303 702
165 407
203 854
1275 1513
1118 1125
768 1111
808 1734
303 702
165 407
203 854
1275 1513
1118 1125
768 1111
808 1734
303 702
165 407
203 854
1275 1513
1118 1125
768 1111
808 1734
303 702
165 407
203 854
1275 1513
1118 1125
768 1111
808 1734