100
3 1 5 15 13 11
3 0 8 23 22 21
2 2 4 18 10
1 0 4 8
3 0 10 27 20 27
3 0 4 2 21 9
2 1 8 20 20
3 0 9 21 17 29
1 0 8 20
1 0 0 3
1 0 9 1
1 0 5 15
1 0 2 3
2 0 0 23 12
2 1 4 20 1
3 1 10 27 26 26
3 0 5 11 6 7
3 0 9 18 24 16
3 2 5 5 27 18
3 2 7 17 18 18
1 0 9 0
2 1 6 3 27
3 2 1 0 16 23
3 3 10 18 11 2
1 1 3 7
1 1 8 11
1 0 2 5
3 1 1 19 23 23
3 0 3 28 2 13
3 1 7 18 26 18
1 1 7 23
1 0 9 12
1 0 3 0
2 1 7 26 14
1 0 7 18
3 0 1 0 0 0
2 1 10 27 27
3 0 7 26 17 4
3 1 9 28 20 3
3 3 8 22 15 11
3 3 7 18 7 22
3 1 10 26 26 26
2 0 10 21 17
3 0 0 21 1 29
1 0 5 11
1 0 4 28
3 0 3 5 6 6
1 0 2 3
3 1 2 3 17 2
2 0 7 18 23
2 2 10 22 13
3 3 6 5 18 18
2 0 7 18 17
1 1 10 28
1 0 6 6
1 0 9 23
2 0 3 6 19
1 0 2 3
2 0 7 17 26
2 0 4 9 13
2 2 3 5 28
2 0 8 13 1
3 2 2 25 4 8
2 1 5 12 12
1 0 1 2
2 1 3 6 6
1 0 0 30
3 0 0 27 29 14
2 0 6 15 15
3 1 3 6 13 6
3 3 5 14 5 6
3 1 10 27 26 14
3 3 9 2 17 16
1 0 6 14
2 0 0 15 11
2 0 9 30 7
1 1 3 16
2 0 6 4 15
1 0 2 3
2 0 8 17 17
2 2 7 26 26
3 1 9 22 19 24
1 0 10 0
2 0 4 26 3
1 1 4 11
2 0 2 3 3
3 3 4 11 20 17
2 0 3 25 9
3 1 8 29 8 10
2 0 7 17 12
3 0 10 30 30 30
2 0 0 0 0
3 3 10 25 13 12
2 2 1 22 5
2 1 4 16 6
1 0 9 23
3 3 2 4 19 26
1 0 9 24
1 0 1 15
1 0 1 24
