1000
79 836
30 892
27 245
77 478
82 866
85 895
71 755
12 564
150 606
27 244
112 225
219 439
102 205
155 311
152 305
1 1000
47 872
47 871
47 873
47 979
89 549
89 548
89 550
89 585
61 516
61 515
61 517
61 534
331 663
331 703
52 327
52 326
52 328
52 384
38 425
38 424
38 426
38 481
223 447
223 590
84 169
84 325
303 607
303 779
119 482
119 481
119 483
119 587
105 426
105 425
105 427
105 638
22 897
22 896
22 898
22 932
299 599
299 725
183 738
183 737
183 739
183 955
135 546
135 545
135 547
135 780
261 523
261 962
399 799
399 845
182 365
182 640
419 839
419 946
356 713
356 748
168 678
168 677
168 679
168 835
26 378
26 377
26 379
26 418
67 417
67 416
67 418
67 502
27 55
27 104
104 639
104 638
104 640
104 641
62 125
62 184
438 877
438 950
81 163
81 312
80 668
80 667
80 669
80 760
59 119
59 134
89 179
89 311
38 623
38 622
38 624
38 662
468 937
468 984
212 854
212 853
212 855
212 1000
395 791
395 896
256 513
256 965
351 703
351 794
130 261
130 311
46 190
46 189
46 191
46 242
271 543
271 702
292 585
292 711
390 781
390 914
238 477
238 548
88 543
88 542
88 544
88 714
328 657
328 827
336 673
336 933
293 587
293 982
123 753
123 752
123 754
123 1000
438 877
438 939
20 135
20 134
20 136
20 176
412 825
412 848
184 369
184 371
156 630
156 629
156 631
156 922
214 429
214 861
57 115
57 164
383 767
383 984
295 591
295 968
73 775
73 774
73 776
73 899
194 389
194 695
353 707
353 763
272 545
272 623
178 718
178 717
178 719
178 995
190 381
190 461
52 565
52 564
52 566
52 672
273 547
273 604
247 495
247 588
178 357
178 714
74 302
74 301
74 303
74 315
157 634
157 633
157 635
157 746
102 205
102 372
10 390
10 389
10 391
10 409
136 831
136 830
136 832
136 942
149 602
149 601
149 603
149 904
297 595
297 718
33 648
33 647
33 649
33 658
66 270
66 269
66 271
66 402
190 766
190 765
190 767
190 997
282 565
282 978
119 482
119 481
119 483
119 608
57 484
57 483
57 485
57 605
82 507
82 506
82 508
82 582
21 693
21 692
21 694
21 705
29 59
29 93
202 405
202 483
303 607
303 860
12 715
25 781
25 780
25 782
25 873
122 494
122 493
122 495
122 647
14 539
14 538
14 540
14 564
243 487
243 919
399 799
399 825
26 536
26 535
26 537
26 575
28 57
28 99
155 311
155 512
104 639
104 638
104 640
104 837
43 273
43 272
43 274
43 370
142 574
142 573
142 575
142 621
256 513
256 968
153 307
153 314
98 812
98 811
98 813
98 815
163 327
163 601
194 536
114 461
114 463
114 619
14 404
14 406
14 468
217 629
261 880
317 922
265 734
410 887
150 595
167 585
124 501
124 503
124 592
50 205
50 207
50 259
8 751
8 753
8 819
74 619
74 621
74 692
243 728
152 547
65 265
65 267
65 271
17 604
17 606
17 673
20 938
290 647
246 653
27 638
27 640
27 691
194 781
194 783
194 816
58 362
58 364
58 443
241 604
144 581
144 583
144 802
58 218
35 128
200 701
22 91
121 489
121 491
121 731
100 827
100 829
100 901
3 32
3 34
3 45
439 945
37 818
37 820
37 878
120 259
249 943
300 777
71 917
71 919
71 982
269 658
293 862
132 310
93 572
93 574
93 734
9 428
9 430
9 453
171 689
171 691
171 820
189 725
54 178
64 398
64 400
64 436
459 955
325 682
89 739
89 741
89 802
315 990
347 988
46 734
46 736
46 794
343 719
126 770
126 772
126 899
168 487
18 476
18 478
18 526
256 608
252 917
307 646
372 975
150 395
57 614
57 616
57 694
5 892
5 894
5 966
315 866
146 890
146 892
146 912
206 829
206 831
206 986
48 524
48 526
48 547
310 872
85 345
85 347
85 430
465 962
75 794
75 796
75 816
185 745
185 747
185 773
186 491
171 689
171 691
171 989
173 543
398 976
80 667
80 669
80 702
265 969
167 470
373 942
138 557
138 559
138 679
18 407
18 409
18 449
137 291
14 611
14 613
14 630
305 722
26 535
26 537
26 599
133 814
383 875
14 611
14 613
14 636
27 64
417 859
93 377
93 379
93 537
81 500
81 502
81 557
62 253
62 255
62 328
170 685
170 687
170 878
323 863
182 461
58 491
58 493
58 519
246 790
9 491
9 493
9 503
105 345
358 977
158 551
79 659
79 661
79 666
70 285
70 287
70 372
21 384
21 386
21 411
355 937
36 695
36 697
36 711
209 486
276 871
131 529
131 531
131 793
216 869
216 871
216 951
83 216
21 455
21 457
21 527
102 626
102 628
102 798
43 371
43 373
43 423
127 759
31 77
47 508
146 900
199 454
185 448
131 663
265 989
2 282
246 571
4 675
407 923
139 905
313 997
16 81
162 362
83 677
117 667
173 534
255 728
29 415
187 569
425 972
336 817
306 698
332 955
154 342
71 470
85 811
458 988
17 712
192 530
112 869
302 651
487 991
24 496
213 743
421 937
65 302
143 702
167 498
171 465
4 428
158 789
180 558
57 155
144 735
97 688
75 942
187 980
233 540
207 934
284 892
162 376
389 1000
33 463
257 852
312 903
113 274
159 379
163 713
28 343
69 964
164 837
92 248
112 812
337 813
13 314
140 353
148 698
230 996
371 790
78 918
58 788
151 453
180 389
356 740
308 689
37 266
318 845
2 516
13 187
352 974
9 878
22 566
186 511
50 243
208 877
197 506
167 860
222 647
171 875
40 282
386 895
332 718
119 913
183 975
190 764
331 785
271 573
132 342
355 863
38 634
247 833
245 545
249 749
59 832
210 654
140 346
33 180
273 615
303 718
165 805
250 784
365 769
115 906
109 934
423 986
275 859
35 767
20 43
310 791
191 739
45 754
38 776
260 805
236 986
398 919
38 233
171 720
89 194
236 793
93 495
291 967
104 948
91 893
37 997
198 986
181 732
65 425
44 371
76 820
432 897
294 1000
249 891
133 797
440 943
268 980
108 373
269 812
89 222
268 815
371 901
101 789
96 484
55 539
160 663
110 996
217 927
265 897
290 715
117 418
434 917
145 453
121 764
19 971
199 553
91 903
342 875
349 794
46 179
243 589
269 954
16 983
316 832
312 628
108 632
36 447
134 850
240 898
38 490
15 906
32 381
321 732
15 45
312 766
92 372
99 676
205 421
189 938
42 996
293 716
8 809
16 237
21 997
275 606
141 991
32 222
38 293
87 971
10 142
211 680
179 481
330 690
313 834
128 836
96 939
433 980
21 599
71 784
174 452
146 598
218 876
6 367
271 674
150 752
119 729
314 950
258 795
231 881
42 435
270 667
88 653
39 961
341 858
124 373
5 77
27 862
252 555
243 978
447 925
108 740
52 367
168 908
165 545
342 985
71 460
75 262
94 219
108 683
137 898
28 223
308 815
172 642
35 879
269 653
162 642
390 956
31 748
202 635
199 991
256 848
91 383
50 971
67 796
175 355
104 896
32 84
53 640
212 635
296 811
109 300
139 523
184 403
305 735
262 715
71 577
256 579
22 597
398 826
44 601
119 789
121 525
47 630
200 879
100 668
89 527
303 719
6 438
24 598
243 918
5 720
100 385
41 794
165 996
96 260
257 589
64 211
339 712
193 991
179 849
33 456
60 743
106 639
341 835
86 325
57 488
169 778
55 228
368 914
356 757
48 997
115 550
16 543
58 791
179 390
59 380
70 287
159 700
59 680
345 923
225 911
59 393
293 969
206 612
66 689
170 827
48 642
96 223
130 748
109 860
9 916
49 308
43 181
187 834
60 389
11 712
158 431
193 851
200 461
86 592
273 550
88 695
320 700
204 877
300 878
162 974
124 688
192 509
172 766
177 545
351 799
126 308
326 668
30 552
91 696
201 706
4 698
75 527
162 426
71 791
68 815
51 410
172 546
241 486
258 564
318 826
283 849
412 906
62 692
246 501
57 948
134 518
215 895
10 633
148 908
298 622
237 838
24 237
130 586
225 520
228 951
161 590
88 764
107 591
322 823
149 330
348 835
354 773
198 910
277 791
230 705
121 615
355 877
235 773
209 612
142 775
336 770
276 919
72 396
65 384
5 924
49 159
154 310
170 432
159 801
347 976
170 993
331 906
112 971
412 875
114 750
178 515
183 903
61 910
8 792
252 938
115 659
167 491
77 536
290 789
186 522
224 843
141 410
302 979
418 987
111 490
302 883
28 752
62 889
117 939
54 125
163 892
253 773
381 900
120 434
370 807
234 583
233 967
85 880
95 928
44 632
240 508
256 715
270 635
328 783
318 998
88 819
176 365
128 871
69 226
115 947
296 675
125 626
93 543
55 162
239 819
128 334
280 940
229 871
311 843
86 816
465 945
185 691
382 845
24 887
187 553
451 928
421 910
132 701
158 766
122 859
2 952
300 957
280 770
