20
2 5
0.600000 0.600000
1 20
1.000000
3 4
1.000000 0.900000 0.100000
3 10
0.075574 0.800164 0.180046
2 7
0.188858 0.824616
2 3
0.999998 1.000000
1 4
0.999999
3 10
0.825346 0.825394 0.019119
3 10
0.821146 0.019769 0.916152
3 100
0.482228 0.135414 0.092069
3 42
0.000007 0.000006 0.000005
2 7
0.942291 0.190634
3 17
0.706231 0.170630 0.032374
1 3
0.000009
2 60
0.625546 0.147693
3 4
1.000000 1.000000 0.430798
2 5
0.700245 0.415777
3 42
0.999999 0.999999 0.999998
3 5
0.810485 0.762332 0.086573
2 4
0.000002 0.000001
